6.838422231258817874e+01
6.775191533698189517e+01
6.546811669564729641e+01
7.028994317654691315e+01
7.138238611738594841e+01
7.072114882521050561e+01
6.931951480437128055e+01
7.097188380867569890e+01
7.246097098586355401e+01
7.244712177464424485e+01
6.813882581485000856e+01
7.088228396379170704e+01
6.941222532648916399e+01
7.002241518827796085e+01
6.698954559815084053e+01
7.659934763503133581e+01
6.876692588204257106e+01
6.555912143733141306e+01
7.728325775579386914e+01
6.871318196947383683e+01
7.242860578989440512e+01
6.875193451181615956e+01
7.199463617337336530e+01
7.031010279419088249e+01
7.255383626179603596e+01
7.004111690408920765e+01
6.605161234934365666e+01
7.428012851763740798e+01
7.157726121371263162e+01
7.513398897171754243e+01
7.191577086217321835e+01
6.719754675739875438e+01
6.954883295481634775e+01
6.840812886769478496e+01
7.388764353804448604e+01
7.060381444768567860e+01
7.099700166041589000e+01
7.014710338984342286e+01
7.521452845481158533e+01
7.249104407698393970e+01
6.876877382066111011e+01
7.091500227546833912e+01
6.897769213660467358e+01
6.827205744083140360e+01
7.996295255845913630e+01
7.696678041057849384e+01
7.578132479123370047e+01
7.027124609896229401e+01
6.892123770694362861e+01
6.317246071854071232e+01
7.185855308367065675e+01
7.477113882934827416e+01
6.405635040033114080e+01
7.452058623061080311e+01
7.527106094736788577e+01
7.011663667780140941e+01
6.963131048324737549e+01
7.356066755716652494e+01
6.723201627702550809e+01
7.307076232812329408e+01
7.050934559610273311e+01
7.222176493936483155e+01
7.060790336898583064e+01
7.380586386859013714e+01
7.014473346154089484e+01
7.409434867595646779e+01
7.456391414512361848e+01
7.107316325824002945e+01
7.028441522016245813e+01
6.893629851666507591e+01
6.418427266899227845e+01
6.777926001218318675e+01
7.483845273559904854e+01
7.170513313022432555e+01
6.898697634239393039e+01
7.288528022904598913e+01
7.004923865787507964e+01
7.784785346074187373e+01
7.651433695958613157e+01
6.744520106069938947e+01
6.673058164979754281e+01
7.498820210676397835e+01
7.165340201898968076e+01
6.824380533671889282e+01
7.061332652719794112e+01
6.601921640145155834e+01
7.211435760989122912e+01
7.040196336043368319e+01
7.145146186007988831e+01
7.415507572793475788e+01
7.064313283006826794e+01
6.357976329254154990e+01
6.765512413961418758e+01
7.419662862072394205e+01
7.097592363768663404e+01
6.709015942715689107e+01
6.810113310373566264e+01
6.802934480570853282e+01
6.718030009171033612e+01
6.604996060271852798e+01
7.056991673664808218e+01
7.003498070256885910e+01
7.388214644928200414e+01
7.269869849515407623e+01
7.187703225188346323e+01
7.430490274956011376e+01
7.311409611628579341e+01
7.567467700924332519e+01
6.910101640919634747e+01
7.479276056030316511e+01
7.158194732359868340e+01
7.421770353055590874e+01
7.558512431541200272e+01
7.424480014779379644e+01
6.808809361813348460e+01
7.101202231996481373e+01
6.582078277472986372e+01
7.304654698643410882e+01
7.318942264855063229e+01
7.043277364290862863e+01
7.399642006624212343e+01
8.029398000000000479e+01
6.983180525882339396e+01
6.939615629007616349e+01
7.544052052676619269e+01
6.679859578466803782e+01
7.158355160539619533e+01
7.519211909262139670e+01
7.174466062937506194e+01
7.128801589763982349e+01
7.140176199748596275e+01
6.749567928103913061e+01
7.303491818949085257e+01
7.511735623638897152e+01
7.473424775292355093e+01
7.498251302504776561e+01
7.582979786198269778e+01
7.514033551500315866e+01
7.721217350791121703e+01
7.212727315878717604e+01
7.084567683160034335e+01
7.637527939384132480e+01
7.539150791373836569e+01
7.101566532312989466e+01
7.152195964963537733e+01
7.698796658742602972e+01
7.217657926489958697e+01
7.368602093700921785e+01
7.230739331808669590e+01
6.790680347761998803e+01
7.157984219578885643e+01
6.521466348521549605e+01
6.836502031351592734e+01
7.298284005368584815e+01
6.877914632839163289e+01
7.192970844117552076e+01
7.012782982771474849e+01
6.969842075371364842e+01
7.462332368519734871e+01
6.900887290666409513e+01
7.599686013680160102e+01
7.525913001110612299e+01
6.963758531416986841e+01
6.550586039612660727e+01
7.119040647053694215e+01
7.206113733351091355e+01
7.515000586176543607e+01
7.542634266970942747e+01
6.640342762543451727e+01
7.398516750500269268e+01
7.228491136695345176e+01
6.917657821822966469e+01
7.150352404962681874e+01
6.797449938165127037e+01
7.056733483584783073e+01
7.180310427917750360e+01
7.224203987139078720e+01
6.649551620349302539e+01
6.902844857528285161e+01
7.541442491102087331e+01
7.492096769543510959e+01
6.980252698894474861e+01
7.345638518344479451e+01
6.239018999999999693e+01
7.254931274792167528e+01
6.534967226813667196e+01
7.179342535896319077e+01
7.431501502757092226e+01
7.337924974198766392e+01
6.753371160462779699e+01
7.195843372757609302e+01
7.453481629117554519e+01
7.227309192441309449e+01
7.232434906164122879e+01
6.972364033795847149e+01
7.176609341437381318e+01
8.026091170183359225e+01
7.561544950524918818e+01
6.824625495079607163e+01
7.089470820244778793e+01
6.996011099323658300e+01
7.176682860110618378e+01
7.022014354431649963e+01
6.977190872812950317e+01
7.150912309364566966e+01
6.899819530103218312e+01
7.358539079675433925e+01
7.011825141249364890e+01
7.478516676448366240e+01
7.643880047894742802e+01
7.181579116528322970e+01
7.323996255172740177e+01
7.893396486776153154e+01
7.070345833453730222e+01
7.125181524732875005e+01
7.480278022147278705e+01
6.712617265062856120e+01
6.881558372133544310e+01
6.820507152011535368e+01
7.513853932417718795e+01
7.287739045632422119e+01
7.223180415577897406e+01
7.233401053247314394e+01
7.395978375176493103e+01
7.154175907248161081e+01
6.960476739047265937e+01
7.133606124404927584e+01
6.501735954078101543e+01
7.525875192603517405e+01
7.136469194220833856e+01
7.378168607209664742e+01
6.970736648289721415e+01
6.708192634675077670e+01
7.212677814622702499e+01
7.022371809363625061e+01
7.064162672472713211e+01
6.327565530692473317e+01
7.308502126841423774e+01
7.540360271243204693e+01
7.119527429567450838e+01
7.141960442926971098e+01
7.220404403313285968e+01
6.700763947773592122e+01
7.305778718695552243e+01
7.077314688640367990e+01
7.023518701047203194e+01
7.382236549627501176e+01
7.122581006978059293e+01
7.423702960513273297e+01
6.672782565168870406e+01
7.391805351756562459e+01
6.564800832701867250e+01
7.655417907579710857e+01
6.922170900611102695e+01
7.025821070091957665e+01
7.270189494984778378e+01
7.464838649225637823e+01
7.704226199959551025e+01
6.987265699095294735e+01
6.640470433857551313e+01
7.284528322861106631e+01
7.204729987048884254e+01
6.642071266997014334e+01
7.021629985348752712e+01
7.570023802280684322e+01
6.879330408846904277e+01
7.322038212740805818e+01
6.919495117350966495e+01
7.847008399685294933e+01
7.256660578880055823e+01
7.737553587944589140e+01
6.820075923378863081e+01
7.012551692127172487e+01
7.679306703123174316e+01
7.522998390824592718e+01
7.554568095851224996e+01
7.559541508089583317e+01
7.437359862533861588e+01
6.940907446148803217e+01
7.204345498584775953e+01
6.957459212825679629e+01
7.435756938237148006e+01
7.009875500437100015e+01
6.543313928309930816e+01
7.275467298042610764e+01
7.868407416536444998e+01
7.585901051274777274e+01
6.737466774815824522e+01
7.133857311520783639e+01
7.407695044659740802e+01
7.432221685394803501e+01
7.484519657159704309e+01
6.857970695286500984e+01
7.252201657543500346e+01
7.679994065372768830e+01
7.282517415962428231e+01
6.393124274227190540e+01
6.763398756706000370e+01
7.393354329268537128e+01
6.859775433809525680e+01
7.530085078345538818e+01
7.177649245855467086e+01
7.602295166359714074e+01
7.109536514909309801e+01
7.419234354280858668e+01
7.574123787849259770e+01
7.134557608106263160e+01
7.121646651456219956e+01
7.293147593192652778e+01
6.999417240815381547e+01
7.387047980678160286e+01
6.914095390360895976e+01
7.355674284985943245e+01
7.468230801706002353e+01
7.232972342751138228e+01
6.853572789509148322e+01
7.636520276992997935e+01
7.053431594045598274e+01
7.122425606287552569e+01
7.081201155995550778e+01
7.119998557632219160e+01
6.795711972764431152e+01
7.342975216154989937e+01
6.920101265268402813e+01
7.812179405342004657e+01
6.603539464196332176e+01
6.672616667946287805e+01
6.636082344517114961e+01
6.657086590914147450e+01
6.599589572020842354e+01
6.408834072595809062e+01
6.578402327187848186e+01
6.613091801464173614e+01
6.744033998462434454e+01
6.978231988008194264e+01
6.933484938148376386e+01
7.058221011021707625e+01
6.951768308497116777e+01
6.389225328946236715e+01
7.032150514345737236e+01
6.650079899914612724e+01
6.667404460291152191e+01
6.709408197865397483e+01
6.849138495446656805e+01
6.387470722266074574e+01
6.749697139132642576e+01
6.661279623563656571e+01
6.791474134980542487e+01
6.691454612420416481e+01
6.744792665468909831e+01
6.468101392795894355e+01
7.127577452815576464e+01
6.548159047107859010e+01
6.884984106757244149e+01
6.692671994891956899e+01
6.685165353869722082e+01
6.778567456263111524e+01
6.371762279560658015e+01
6.421063382899691874e+01
6.617910542822679076e+01
6.557627803110474929e+01
6.533961784849196874e+01
6.598115574709619580e+01
6.743751039784996237e+01
6.704653325376354189e+01
6.863255911821649136e+01
6.744095124923806850e+01
6.611961446150947097e+01
6.736544566443825488e+01
6.856034776575039302e+01
6.802498921040485413e+01
6.853466564424780927e+01
6.974602358238146849e+01
7.123816743408589502e+01
6.793169391150441072e+01
6.984336050120778339e+01
6.634364217335526348e+01
6.805917228575619049e+01
6.639071313758545045e+01
6.881797582509885558e+01
6.907949765570951683e+01
6.374394255925714958e+01
6.789844807346476330e+01
6.852956734566200225e+01
6.770210535354199521e+01
6.795563255555116200e+01
6.985445724281220237e+01
6.801126565990324480e+01
6.794635737495042349e+01
7.050118838415870925e+01
6.793580359330714202e+01
6.639957361492378141e+01
6.878549678944762036e+01
6.500563474469024072e+01
6.393755493318224126e+01
6.834851976489069614e+01
6.506960929299901863e+01
6.766665557403990761e+01
6.642636056317780913e+01
6.648613848563796580e+01
6.855502398071149628e+01
6.379085606119899410e+01
6.693397718384170503e+01
7.022361951275391334e+01
6.803702179636958647e+01
6.494703159021895544e+01
6.909725314088254322e+01
6.491837112745557192e+01
6.702121274956159880e+01
6.913041664091264238e+01
6.746702773684657473e+01
6.854343667521186489e+01
6.725260842103264736e+01
6.730677506380754949e+01
6.462364275952977266e+01
6.559732431294858657e+01
6.600749234561477863e+01
6.795385039869047716e+01
6.568366771103714541e+01
6.851069143433329600e+01
6.834709806891092398e+01
6.597929658326272317e+01
6.863049461649656280e+01
6.793754290358937453e+01
6.722096472045031135e+01
6.731591015989788218e+01
6.679434890504258249e+01
6.680200563882479514e+01
6.630680772233068865e+01
6.870313664316573465e+01
6.740444467500883263e+01
6.335016680938613831e+01
6.706765722705961252e+01
7.007514792240333179e+01
6.565600586729723886e+01
6.806422043694233537e+01
6.737443616732119267e+01
6.479575566203423875e+01
6.853718582065029352e+01
6.910642325600363733e+01
6.627341311877668772e+01
6.680479673342280478e+01
6.852893389013485148e+01
6.720219347733994653e+01
6.628916806988645760e+01
6.321680597365171650e+01
6.652568668491066717e+01
6.551857616391049532e+01
6.379548682656837855e+01
7.028945704313960618e+01
6.690920887803990524e+01
6.728488409096965484e+01
6.822191988656459216e+01
6.625907501844361036e+01
6.708848732949402915e+01
7.008453917451839743e+01
6.481992368413123984e+01
6.730776980113255092e+01
6.697462006703436543e+01
6.500155493045816968e+01
6.525933700147000138e+01
6.599079497638821579e+01
6.746085738160880396e+01
6.896141147877033006e+01
6.981112259728435276e+01
6.550036174486891127e+01
6.824429904069597796e+01
6.619091428371324071e+01
6.729778911538919317e+01
6.318075159566382837e+01
6.570697005313918737e+01
6.971647921945840665e+01
6.748970706450752743e+01
6.986330590679054353e+01
6.946570587007292374e+01
6.986362200896527952e+01
6.780937968001214244e+01
6.933060914836585198e+01
6.373562963262513392e+01
6.628730780535543943e+01
6.944082587821169739e+01
6.843666334392284512e+01
6.405458067015018742e+01
6.780041277961989010e+01
6.502425600603136502e+01
6.597216605189808547e+01
6.633860720842146463e+01
6.996062649706517789e+01
7.014629695748895699e+01
6.994932165519976763e+01
6.819536988563298507e+01
6.813405092979361655e+01
6.740032724882152593e+01
6.405718730722541920e+01
6.789470473948921381e+01
7.145253255049709651e+01
6.638290294411945069e+01
6.793604159060569714e+01
6.533387844663739941e+01
6.834797019853164102e+01
7.013883625524805154e+01
6.550970440403449402e+01
6.380655510507352091e+01
6.616034708230462513e+01
6.346972988179106068e+01
6.680213581582370352e+01
6.788078955624283140e+01
6.672886336085190351e+01
6.653390280445360361e+01
6.741610888948815727e+01
6.583946033015645583e+01
6.721971014453768589e+01
6.751529240343899119e+01
6.670160914200394586e+01
6.956632237682759978e+01
6.771422258961581520e+01
6.680992138093428423e+01
6.632398582017039246e+01
6.474555738272425742e+01
6.679287974816507756e+01
6.513569309370021188e+01
6.960007016988863882e+01
6.274824971361344694e+01
7.098470434162500453e+01
6.643170441478427790e+01
